1 5
1 10
1 15
1 20
1 25
1 30
1 35
1 40
1 45
1 50
1 55
1 60
1 65
1 70
1 75
1 80
1 85
1 90
1 95
1 100
1 105
1 110
1 115
1 120
1 125
1 130
1 135
1 140
1 145
1 150
1 155
1 160
1 165
1 170
1 175
1 180
1 185
1 190
1 195
1 200
1 205
1 210
1 215
1 220
1 225
1 230
1 235
1 240
1 245
1 250
1 255
1 260
1 265
1 270
1 275
1 280
1 285
1 290
1 295
1 300
1 305
1 310
1 315
1 320
1 325
1 330
1 335
1 340
1 345
1 350
1 355
1 360
1 365
1 370
1 375
1 380
1 385
1 390
1 395
1 400
1 405
1 410
1 415
1 420
1 425
1 430
1 435
1 440
1 445
1 450
1 455
1 460
1 465
1 470
1 475
1 480
1 485
1 490
1 495
1 500
2 5
2 10
2 15
2 20
2 25
2 30
2 35
2 40
2 45
2 50
2 55
2 60
2 65
2 70
2 75
2 80
2 85
2 90
2 95
2 100
2 105
2 110
2 115
2 120
2 125
2 130
2 135
2 140
2 145
2 150
2 155
2 160
2 165
2 170
2 175
2 180
2 185
2 190
2 195
2 200
2 205
2 210
2 215
2 220
2 225
2 230
2 235
2 240
2 245
2 250
2 255
2 260
2 265
2 270
2 275
2 280
2 285
2 290
2 295
2 300
2 305
2 310
2 315
2 320
2 325
2 330
2 335
2 340
2 345
2 350
2 355
2 360
2 365
2 370
2 375
2 380
2 385
2 390
2 395
2 400
2 405
2 410
2 415
2 420
2 425
2 430
2 435
2 440
2 445
2 450
2 455
2 460
2 465
2 470
2 475
2 480
2 485
2 490
2 495
2 500
3 5
3 10
3 15
3 20
3 25
3 30
3 35
3 40
3 45
3 50
3 55
3 60
3 65
3 70
3 75
3 80
3 85
3 90
3 95
3 100
3 105
3 110
3 115
3 120
3 125
3 130
3 135
3 140
3 145
3 150
3 155
3 160
3 165
3 170
3 175
3 180
3 185
3 190
3 195
3 200
3 205
3 210
3 215
3 220
3 225
3 230
3 235
3 240
3 245
3 250
3 255
3 260
3 265
3 270
3 275
3 280
3 285
3 290
3 295
3 300
3 305
3 310
3 315
3 320
3 325
3 330
3 335
3 340
3 345
3 350
3 355
3 360
3 365
3 370
3 375
3 380
3 385
3 390
3 395
3 400
3 405
3 410
3 415
3 420
3 425
3 430
3 435
3 440
3 445
3 450
3 455
3 460
3 465
3 470
3 475
3 480
3 485
3 490
3 495
3 500
4 5
4 10
4 15
4 20
4 25
4 30
4 35
4 40
4 45
4 50
4 55
4 60
4 65
4 70
4 75
4 80
4 85
4 90
4 95
4 100
4 105
4 110
4 115
4 120
4 125
4 130
4 135
4 140
4 145
4 150
4 155
4 160
4 165
4 170
4 175
4 180
4 185
4 190
4 195
4 200
4 205
4 210
4 215
4 220
4 225
4 230
4 235
4 240
4 245
4 250
4 255
4 260
4 265
4 270
4 275
4 280
4 285
4 290
4 295
4 300
4 305
4 310
4 315
4 320
4 325
4 330
4 335
4 340
4 345
4 350
4 355
4 360
4 365
4 370
4 375
4 380
4 385
4 390
4 395
4 400
4 405
4 410
4 415
4 420
4 425
4 430
4 435
4 440
4 445
4 450
4 455
4 460
4 465
4 470
4 475
4 480
4 485
4 490
4 495
4 500
5 5
5 10
5 15
5 20
5 25
5 30
5 35
5 40
5 45
5 50
5 55
5 60
5 65
5 70
5 75
5 80
5 85
5 90
5 95
5 100
5 105
5 110
5 115
5 120
5 125
5 130
5 135
5 140
5 145
5 150
5 155
5 160
5 165
5 170
5 175
5 180
5 185
5 190
5 195
5 200
5 205
5 210
5 215
5 220
5 225
5 230
5 235
5 240
5 245
5 250
5 255
5 260
5 265
5 270
5 275
5 280
5 285
5 290
5 295
5 300
5 305
5 310
5 315
5 320
5 325
5 330
5 335
5 340
5 345
5 350
5 355
5 360
5 365
5 370
5 375
5 380
5 385
5 390
5 395
5 400
5 405
5 410
5 415
5 420
5 425
5 430
5 435
5 440
5 445
5 450
5 455
5 460
5 465
5 470
5 475
5 480
5 485
5 490
5 495
5 500
6 5
6 10
6 15
6 20
6 25
6 30
6 35
6 40
6 45
6 50
6 55
6 60
6 65
6 70
6 75
6 80
6 85
6 90
6 95
6 100
6 105
6 110
6 115
6 120
6 125
6 130
6 135
6 140
6 145
6 150
6 155
6 160
6 165
6 170
6 175
6 180
6 185
6 190
6 195
6 200
6 205
6 210
6 215
6 220
6 225
6 230
6 235
6 240
6 245
6 250
6 255
6 260
6 265
6 270
6 275
6 280
6 285
6 290
6 295
6 300
6 305
6 310
6 315
6 320
6 325
6 330
6 335
6 340
6 345
6 350
6 355
6 360
6 365
6 370
6 375
6 380
6 385
6 390
6 395
6 400
6 405
6 410
6 415
6 420
6 425
6 430
6 435
6 440
6 445
6 450
6 455
6 460
6 465
6 470
6 475
6 480
6 485
6 490
6 495
6 500
7 5
7 10
7 15
7 20
7 25
7 30
7 35
7 40
7 45
7 50
7 55
7 60
7 65
7 70
7 75
7 80
7 85
7 90
7 95
7 100
7 105
7 110
7 115
7 120
7 125
7 130
7 135
7 140
7 145
7 150
7 155
7 160
7 165
7 170
7 175
7 180
7 185
7 190
7 195
7 200
7 205
7 210
7 215
7 220
7 225
7 230
7 235
7 240
7 245
7 250
7 255
7 260
7 265
7 270
7 275
7 280
7 285
7 290
7 295
7 300
7 305
7 310
7 315
7 320
7 325
7 330
7 335
7 340
7 345
7 350
7 355
7 360
7 365
7 370
7 375
7 380
7 385
7 390
7 395
7 400
7 405
7 410
7 415
7 420
7 425
7 430
7 435
7 440
7 445
7 450
7 455
7 460
7 465
7 470
7 475
7 480
7 485
7 490
7 495
7 500
8 5
8 10
8 15
8 20
8 25
8 30
8 35
8 40
8 45
8 50
8 55
8 60
8 65
8 70
8 75
8 80
8 85
8 90
8 95
8 100
8 105
8 110
8 115
8 120
8 125
8 130
8 135
8 140
8 145
8 150
8 155
8 160
8 165
8 170
8 175
8 180
8 185
8 190
8 195
8 200
8 205
8 210
8 215
8 220
8 225
8 230
8 235
8 240
8 245
8 250
8 255
8 260
8 265
8 270
8 275
8 280
8 285
8 290
8 295
8 300
8 305
8 310
8 315
8 320
8 325
8 330
8 335
8 340
8 345
8 350
8 355
8 360
8 365
8 370
8 375
8 380
8 385
8 390
8 395
8 400
8 405
8 410
8 415
8 420
8 425
8 430
8 435
8 440
8 445
8 450
8 455
8 460
8 465
8 470
8 475
8 480
8 485
8 490
8 495
8 500
9 5
9 10
9 15
9 20
9 25
9 30
9 35
9 40
9 45
9 50
9 55
9 60
9 65
9 70
9 75
9 80
9 85
9 90
9 95
9 100
9 105
9 110
9 115
9 120
9 125
9 130
9 135
9 140
9 145
9 150
9 155
9 160
9 165
9 170
9 175
9 180
9 185
9 190
9 195
9 200
9 205
9 210
9 215
9 220
9 225
9 230
9 235
9 240
9 245
9 250
9 255
9 260
9 265
9 270
9 275
9 280
9 285
9 290
9 295
9 300
9 305
9 310
9 315
9 320
9 325
9 330
9 335
9 340
9 345
9 350
9 355
9 360
9 365
9 370
9 375
9 380
9 385
9 390
9 395
9 400
9 405
9 410
9 415
9 420
9 425
9 430
9 435
9 440
9 445
9 450
9 455
9 460
9 465
9 470
9 475
9 480
9 485
9 490
9 495
9 500
10 5
10 10
10 15
10 20
10 25
10 30
10 35
10 40
10 45
10 50
10 55
10 60
10 65
10 70
10 75
10 80
10 85
10 90
10 95
10 100
10 105
10 110
10 115
10 120
10 125
10 130
10 135
10 140
10 145
10 150
10 155
10 160
10 165
10 170
10 175
10 180
10 185
10 190
10 195
10 200
10 205
10 210
10 215
10 220
10 225
10 230
10 235
10 240
10 245
10 250
10 255
10 260
10 265
10 270
10 275
10 280
10 285
10 290
10 295
10 300
10 305
10 310
10 315
10 320
10 325
10 330
10 335
10 340
10 345
10 350
10 355
10 360
10 365
10 370
10 375
10 380
10 385
10 390
10 395
10 400
10 405
10 410
10 415
10 420
10 425
10 430
10 435
10 440
10 445
10 450
10 455
10 460
10 465
10 470
10 475
10 480
10 485
10 490
10 495
10 500
